  Base de Dados  Baseline (maior classe)
0             00                 0.500000
1             01                 0.677419
2             02                 0.338710
3             03                 0.666667
4             04                 0.388889
5             05                 0.684729
6             06                 0.500000
7             07                 0.620000
8             08                 0.581006
9             09                 0.596154
10            10                 0.500000
11            11                 0.606061
12            12                 0.652778
13            13                 0.527778
14            14                 0.828729
15            15                 0.349398
16            16                 0.783784
17            17                 0.565217
18            18                 0.372727
19            19                 0.756757
20            20                 0.300000
21            21                 0.500000
22            22                 0.681818
23            23                 0.735294